30,35,8,2,39,37,72,7,81,41,25,46,56,18,89,70,0,15,84,75,88,67,42,44,94,71,79,65,58,52,96,83,54,29,14,95,66,61,97,68,57,90,55,32,17,47,20,98,1,69,63,62,31,86,77,85,87,93,26,40,24,19,48,76,73,49,34,45,82,22,80,78,23,6,59,91,64,43,21,51,13,3,53,99,4,28,33,74,12,9,36,50,60,11,27,10,5,16,92,38

94 97 41 22 48
21 47 72 23 26
12 81 86 24 91
71 78 90 59 54
92 63 68 65  1

75 62 66 74 37
14 79 35 96 30
33 25 29 57  6
60 93 17 55 53
65 16 59 40 27

26 60 95 24 78
55 12 22 68 43
67 48 85 66 36
29 80 52  3 56
11 59 41 15 18

65 44 99 82 13
14 62 46 61 84
 4 38  7 29  0
36 40 27 20 12
31 18 15 42 55

90 77 52 24 56
58 82 19 74 87
97 93 25 91 95
40 83 99  9 46
61 94 96 57 41

40 28 30 81 64
71 82 10 44 72
98 31  3 90 67
 5 47 61 22 59
85  0 68 57 14

69 97 61 75 34
 2 12 45 15 63
71 66 85 39 64
78 50  0 96 41
52  3 82 43 74

14 92 59 71 24
40  8 41 19 83
 7 65 21 51  6
55 49  2 97 36
37 86 56 32 33

68 95 17 24 82
 6 70 45  8 23
52 59 55  4 31
62  2 46 64 36
43 42 93 44 90

55 58 88 48 12
81  8 28  3 26
96 44 80 22 97
21 57 74 53 72
90 77 13 56 37

69 49 48 37 41
84  9 24 18 30
70 61 86 25  0
74 50  1 33 87
97 46 72 60 80

92 66 39 59 43
25 41 34 26 35
 3 18 90 52 60
83 29 24 93 28
72  2 50 17 71

61 83 19 90 66
 3 57 69 39 85
 4  7 60 71 37
64 75 58 67 17
41 89  6 31 72

88 28 89  9 48
70 45  6 72 85
 7 39 26 58 44
98 16 33 86 76
21 99 82  1 81

50 20 44 11  1
53 73 33 86 95
41 21 68 42 28
26 90 39 94 51
 3 77  2  0 55

97 19 80 48 18
78 92 99 10 23
16 55 33 26 58
25 30 62 17 54
60 22 69 21 68

 6 47 50 19 24
60 95  8 90 38
20 59 73  3 57
14 87 93 35 29
97 85 49 12 79

14 77 64  0 40
45 70  3  5 81
97 73 11 67 33
93 24 23 79  2
17 10 54 35 51

30  3 57 41 18
59 21 74 83 86
12 85 82 67 48
72 77 49 93 55
66 76 43 34 91

88 19 38 24 51
60 43 67  1 55
42 47 79 45 73
53 25  8 77 15
34 61 76 70 74

 7 91 17 69 57
 0 24 16 21 53
70 13 46 39 56
32 81 48 15 22
41 58 26 45 14

52 77 31 89 93
34 87 21 64 71
41 38  9 39 30
97  1 83 20 61
62  5 27 88 99

74 87 89 29 44
54 49 36 62 77
53 72 59 70 15
27 47  1 84 19
55 78 56 52 66

64 29 67 44 82
84 38  3 59 72
88 53 45 62 21
93 12 16 15 52
97 98 54  9  6

93  4 37 44 86
95  5 13 92 23
 2 55 39 52 89
32 35 51 99 47
42 74 56 67 59

93 37  3 16 35
42 75 18 72 95
48 23 91 81 66
54 49 62 67 36
56 69 58 50 14

91 58 41 81 18
86 17 67  2 23
 4 75 78 66 43
26 94 77 39 88
92  5 38 29 56

78 60 23 42 31
98 55 37 53 82
41 87 12 69 73
84  8 96 13 45
16 59 40 67 77

72 83 19 92 41
42 75 38 88 24
58 34 22 48 76
70 86 17 53 26
 7 33 52 59 85

91 60 47 93 54
69 70 66 85 74
61  5  9 37 40
51 99 42 82 26
84 30 19 11 75
