30,35,8,2,39,37,72,7,81,41,25,46,56,18,89,70,0,15,84,75,88,67,42,44,94,71,79,65,58,52,96,83,54,29,14,95,66,61,97,68,57,90,55,32,17,47,20,98,1,69,63,62,31,86,77,85,87,93,26,40,24,19,48,76,73,49,34,45,82,22,80,78,23,6,59,91,64,43,21,51,13,3,53,99,4,28,33,74,12,9,36,50,60,11,27,10,5,16,92,38

91 60 47 93 54
69 70 66 85 74
61  5  9 37 40
51 99 42 82 26
84 30 19 11 75

78 60 23 42 31
98 55 37 53 82
41 87 12 69 73
84  8 96 13 45
16 59 40 67 77

72 83 19 92 41
42 75 38 88 24
58 34 22 48 76
70 86 17 53 26
 7 33 52 59 85
